14295354;137292460;137292463;
14295354;137292463;137292467;
14295354;137292467;1154803015;
14297339;137332252;137332254;
14297339;137332254;137332257;
14297339;137332257;137332260;
14297339;137332260;137332262;
14297339;137332262;137332265;
14307321;1154802931;1154803107;
14307321;1154803107;1154803109;
14307321;1154803109;1154803114;
14307321;1154803114;137498756;
14307321;137498756;137292463;
14307321;137292463;137498759;
14309570;137537577;137537579;
14309929;137542744;137542747;
14309929;137542747;137292467;
14311702;1154804468;137319919;
14311702;137319919;137568344;
14311702;137568344;1154802791;
14311702;1154802791;137547668;
14311702;137547668;137433930;
14311702;137433930;137433933;
14311702;137433933;1154803890;
14311702;1154803890;137568331;
14311702;137568331;1154804675;
14312937;137332254;137585642;
14313477;137292460;137262504;
14313477;137262504;137594017;
14313589;137595282;137595284;
14317552;137332262;137537577;
14317552;137537577;137568344;
14317658;1154802890;1154803137;
14317658;1154803137;1154803140;
14317658;1154803140;1154803146;
14317658;1154803146;137654856;
14317658;137654856;1154803015;
14317658;1154803015;137319915;
14317658;137319915;1154803158;
14320201;137332260;137691571;
14323291;137679205;137738781;
96895428;1122711649;1122712306;
99884476;1154795584;1154795586;
99884476;1154795586;1154795588;
99884476;1154795588;1154795592;
99884556;1154799136;1154799137;
99884556;1154799137;1154799138;
99884556;1154799138;1154799140;
99884556;1154799140;1154799143;
99884556;1154799143;1154799146;
99884556;1154799146;1154799151;
99884556;1154799151;1154799156;
99884556;1154799156;1154799161;
99884556;1154799161;1154799182;
99884556;1154799182;1154799188;
99884559;1154799225;1154799232;
99884559;1154799232;1154799237;
99884559;1154799237;1154799244;
99884559;1154799244;1154799249;
99884559;1154799249;1154799254;
99884559;1154799254;1154799263;
99884567;1154799799;1154799806;
99884567;1154799806;1154799813;
99884567;1154799813;1154799817;
99884567;1154799817;1154799824;
99884567;1154799824;1154799862;
99884567;1154799862;1154799867;
99884568;1154799188;1154799876;
99884568;1154799876;1154799878;
99884568;1154799878;1154799884;
99884568;1154799884;1154799892;
99884568;1154799892;1154799899;
99884568;1154799899;1154799903;
99884568;1154799903;1154799907;
99884568;1154799907;1154799909;
99884568;1154799909;1154799911;
99884568;1154799911;1154799915;
99884568;1154799915;1154799917;
99884568;1154799917;1154799824;
99884569;1154799941;1154799947;
99884569;1154799947;1154799952;
99884569;1154799952;1154799958;
99884569;1154799958;1154799963;
99884569;1154799963;1154799967;
99884569;1154799967;1154799998;
99884569;1154799998;1154799909;
99884571;1154800017;1154799263;
99884571;1154799263;1154800022;
99884571;1154800022;1154800028;
99884571;1154800028;1154800039;
99884571;1154800039;1154800057;
99884571;1154800057;1154799136;
99884594;1154800840;1154800843;
99884638;1154801373;1154801376;
99884638;1154801376;1154801379;
99884638;1154801379;1154801381;
99884638;1154801381;1154801383;
99884638;1154801383;1154801385;
99884638;1154801385;1154801387;
99884638;1154801387;1154801390;
99884638;1154801390;1154801394;
99884638;1154801394;1154801397;
99884638;1154801397;1154801401;
99884638;1154801401;1154801404;
99884638;1154801404;1154801408;
99884638;1154801408;1154801413;
99884638;1154801413;1154801416;
99884638;1154801416;1154801419;
99884638;1154801419;1154801422;
99884638;1154801422;1154801423;
99884638;1154801423;1154801425;
99884638;1154801425;1154801445;
99884638;1154801445;1154801450;
99884638;1154801450;1154801453;
99884641;1154801479;1154801416;
99884642;1154801489;1154801445;
99884646;1154801561;1154801565;
99884646;1154801565;1154801569;
99884646;1154801569;1154801574;
99884646;1154801574;1154801578;
99884646;1154801578;1154801583;
99884646;1154801583;1154801588;
99884646;1154801588;1154801594;
99884646;1154801594;1154801598;
99884646;1154801598;1154801603;
99884646;1154801603;1154801609;
99884646;1154801609;1154801614;
99884646;1154801614;1154801619;
99884646;1154801619;1154801624;
99884646;1154801624;1154801629;
99884646;1154801629;1154801632;
99884647;1154801645;1154801565;
99884648;1154801663;1154801668;
99884648;1154801668;1154801670;
99884648;1154801670;1154801673;
99884648;1154801673;1154801675;
99884648;1154801675;1154801678;
99884648;1154801678;1154801680;
99884648;1154801680;1154801681;
99884648;1154801681;1154801682;
99884648;1154801682;1154801598;
99884649;1154801701;1154801681;
99884650;876797931;1154801710;
99884650;1154801710;1154801715;
99884650;1154801715;1154801721;
99884650;1154801721;1154801725;
99884650;1154801725;1154801731;
99884650;1154801731;1154801736;
99884650;1154801736;1154798798;
99884650;1154798798;1154801742;
99884650;1154801742;1154801757;
99884650;1154801757;1154801765;
99884650;1154801765;1154801770;
99884650;1154801770;1154801776;
99884650;1154801776;1154801780;
99884650;1154801780;1154801785;
99884650;1154801785;1154801789;
99884650;1154801789;1154801791;
99884650;1154801791;1154799105;
99884650;1154799105;1154801793;
99884650;1154801793;1154801797;
99884650;1154801797;1154801804;
99884650;1154801804;1154801809;
99884650;1154801809;1154801816;
99884650;1154801816;1154801822;
99884650;1154801822;1154801825;
99884650;1154801825;1154801829;
99884650;1154801829;1154801834;
99884650;1154801834;1154801836;
99884650;1154801836;1154801840;
99884650;1154801840;1154800193;
99884650;1154800193;1154801843;
99884650;1154801843;1154801847;
99884650;1154801847;1154801851;
99884650;1154801851;1154801855;
99884650;1154801855;1154800743;
99884650;1154800743;1154801858;
99884650;1154801858;1154801862;
99884650;1154801862;1154801869;
99884650;1154801869;1154801871;
99884650;1154801871;1154801896;
99884650;1154801896;1154800848;
99884650;1154800848;1154801899;
99884650;1154801899;1154801904;
99884650;1154801904;1154801908;
99884650;1154801908;1154800516;
99884650;1154800516;1154801914;
99884650;1154801914;1154801920;
99884650;1154801920;1154801925;
99884650;1154801925;1154801928;
99884650;1154801928;1154801931;
99884650;1154801931;1154801935;
99884650;1154801935;1154800840;
99884651;1154801983;1154801991;
99884651;1154801991;1154801995;
99884651;1154801995;1154801997;
99884651;1154801997;1154801998;
99884651;1154801998;1154802000;
99884651;1154802000;1154802002;
99884651;1154802002;1154802005;
99884651;1154802005;1154802008;
99884651;1154802008;1154802012;
99884651;1154802012;1154802015;
99884651;1154802015;1154802020;
99884651;1154802020;1154802023;
99884651;1154802023;1154802025;
99884651;1154802025;1154802028;
99884651;1154802028;1154802030;
99884652;1154802002;1154802066;
99884652;1154802066;1154802069;
99884653;1154802082;1154802086;
99884653;1154802086;1154801663;
99884653;1154801663;1154802094;
99884654;1154802108;1154802113;
99884654;1154802113;1154802117;
99884654;1154802117;1154802121;
99884654;1154802121;1154802126;
99884654;1154802126;1154802133;
99884654;1154802133;1154802138;
99884654;1154802138;1154802142;
99884654;1154802142;1154802146;
99884654;1154802146;1154802149;
99884654;1154802149;1154802153;
99884654;1154802153;1154802156;
99884654;1154802156;1154802164;
99884654;1154802164;1154801561;
99884654;1154801561;1154802183;
99884654;1154802183;1154802025;
99884655;1154802211;1154802212;
99884655;1154802212;1154802213;
99884655;1154802213;1154802216;
99884655;1154802216;1154800843;
99884655;1154800843;1154802219;
99884655;1154802219;1154802225;
99884655;1154802225;1154802230;
99884655;1154802230;1154802234;
99884655;1154802234;1154802237;
99884655;1154802237;1154801632;
99884655;1154801632;1154802239;
99884655;1154802239;1154802240;
99884655;1154802240;1154802241;
99884655;1154802241;1154802242;
99884655;1154802242;1154802243;
99884655;1154802243;1154802245;
99884655;1154802245;1154802247;
99884655;1154802247;1154802250;
99884655;1154802250;1154802254;
99884655;1154802254;1154802262;
99884655;1154802262;1154802264;
99884655;1154802264;1154802086;
99884656;1154802308;1154802325;
99884656;1154802325;1154802328;
99884656;1154802328;1154802332;
99884656;1154802332;1154802336;
99884656;1154802336;1154802344;
99884656;1154802344;1154802349;
99884656;1154802349;1154802355;
99884656;1154802355;1154802358;
99884656;1154802358;1154802360;
99884656;1154802360;1154802363;
99884656;1154802363;1154802366;
99884656;1154802366;1154802368;
99884656;1154802368;1154802374;
99884656;1154802374;1154802380;
99884656;1154802380;1154802385;
99884656;1154802385;1154802390;
99884656;1154802390;1154802393;
99884656;1154802393;1154802394;
99884657;1154802426;1154802328;
99884658;1154802442;1154802358;
99884659;1154802457;1154802385;
99884660;1154802467;1154802211;
99884660;1154802211;1154802471;
99884660;1154802471;1154802473;
99884660;1154802473;1154802476;
99884660;1154802476;1154802479;
99884660;1154802479;1154802482;
99884660;1154802482;1154802069;
99884660;1154802069;1154802486;
99884660;1154802486;1154802489;
99884660;1154802489;1154802492;
99884660;1154802492;1154802495;
99884660;1154802495;1154802499;
99884660;1154802499;1154802500;
99884661;1154802522;1154802531;
99884661;1154802531;1154802535;
99884661;1154802535;1154802537;
99884661;1154802537;1154802540;
99884661;1154802540;1154802542;
99884661;1154802542;1154802544;
99884661;1154802544;1154802546;
99884661;1154802546;1154802548;
99884661;1154802548;1154802549;
99884661;1154802549;1154802552;
99884661;1154802552;1154802394;
99884661;1154802394;1154802555;
99884661;1154802555;1154802562;
99884661;1154802562;1154802565;
99884661;1154802565;1154802570;
99884661;1154802570;1154802574;
99884661;1154802574;1154802580;
99884662;137568344;1154802565;
99884663;1154802605;1154802625;
99884663;1154802625;1154802627;
99884663;1154802627;1154802574;
99884664;1154802635;1154802627;
99884665;1154802653;1154802531;
99884666;1154802699;1154802704;
99884667;1154802712;1154802715;
99884667;1154802715;1154802719;
99884667;1154802719;1154802722;
99884667;1154802722;1154802727;
99884667;1154802727;1154802732;
99884667;1154802732;1154802737;
99884667;1154802737;1154802741;
99884668;1154802715;1154802750;
99884669;1154802719;1154802770;
99884670;1154802741;1154802781;
99884670;1154802781;1154802785;
99884670;1154802785;1154802788;
99884670;1154802788;1154802791;
99884671;1154802890;1154802894;
99884671;1154802894;1154802897;
99884671;1154802897;1154802902;
99884671;1154802902;1154802907;
99884671;1154802907;1154802911;
99884671;1154802911;1154802917;
99884671;1154802917;1154802922;
99884671;1154802922;1154802927;
99884671;1154802927;1154802931;
99884672;1154802962;1154802907;
99884673;1154802979;1154802911;
99884674;1154802986;1154802770;
99884674;1154802770;1154802704;
99884674;1154802704;1154802750;
99884674;1154802750;1154802987;
99884686;1154803623;1154803560;
191523157;137309415;876797929;
191523157;876797929;876797930;
191523157;876797930;876797931;
191523157;876797931;876797932;
191523157;876797932;876797933;
191523157;876797933;876797934;
191523157;876797934;876797935;
191523157;876797935;1154837164;
191523157;1154837164;1154624207;
191523157;1154624207;1154624211;
191523157;1154624211;1154624214;
191523157;1154624214;1154623783;
191523165;3958880227;1154797867;
191523165;1154797867;1154801173;
191523165;1154801173;137604933;
191523165;137604933;1154796515;
191523165;1154796515;137604936;
191523165;137604936;137309415;
191523166;977250529;1154802699;
191523166;1154802699;1154802815;
191523166;1154802815;1122711649;
191523166;1122711649;137382464;
191523185;137309415;1154800017;
191523185;1154800017;1154803158;
191523185;1154803158;1154801373;
191523185;1154801373;1154795584;
191523185;1154795584;1154804468;
191523185;1154804468;137604939;
191523185;137604939;1154800840;
191523185;1154800840;1146658737;
191523185;1146658737;137382464;
191523185;137382464;977249493;
191523185;977249493;977249495;
191523185;977249495;1122711577;
191523185;1122711577;1146658739;
191523185;1146658739;977249497;
191523185;977249497;977249498;
191523185;977249498;977249499;
191523185;977249499;1146658744;
191523185;1146658744;1146658748;
191523185;1146658748;977249500;
191523185;977249500;1146658757;
191523185;1146658757;302180514;
191523198;137311274;137292460;
191523198;137292460;137309413;
191523198;137309413;1154799867;
191523198;1154799867;137309415;
191523251;137311274;137743503;
191523251;137743503;1154802979;
191523251;1154802979;137743505;
191523251;137743505;137743507;
191523251;137743507;137332252;
191523251;137332252;137547668;
191523251;137547668;1154803623;
191523251;1154803623;977250529;
209751259;1154802815;1154802457;
209751259;1154802457;137319919;
209751259;137319919;1154801453;
209751259;1154801453;137319915;
209751259;137319915;137309413;
225883269;137420321;137743492;
225883269;137743492;137708542;
225883269;137708542;137430795;
225883269;137430795;137405758;
225883269;137405758;137743500;
225883269;137743500;137679202;
225883269;137679202;137311274;
225883276;137382464;876788126;
225883276;876788126;1122711659;
225883276;1122711659;1122712130;
225883276;1122712130;1122712084;
225883276;1122712084;1122711553;
225883276;1122711553;1122712516;
225883276;1122712516;1122712409;
225883276;1122712409;1122711975;
225883276;1122711975;1122711996;
225883276;1122711996;1122711624;
225883276;1122711624;1122712234;
225883276;1122712234;1122712213;
225883276;1122712213;1122712038;
225883276;1122712038;1122711655;
225883276;1122711655;1122711627;
225883276;1122711627;1122712219;
225883276;1122712219;1129137769;
225883276;1129137769;1122711694;
225883276;1122711694;1122711836;
226202163;137311265;1152410874;
226202163;1152410874;137311268;
226202163;137311268;137311271;
226202163;137311271;137311274;
226202569;137309413;1154796855;
226202569;1154796855;137319910;
226202569;137319910;137319908;
226202569;137319908;3958880211;
226202569;3958880211;137319907;
191523198;1154799867;1154799868;
191523185;1154799868;1154800017;